
20250611151245,7,183,1001,1,0,0,378,2048,2048,2048,2221,0,97,96,97,97,97,98,2048,2048,2048,2048,2048,2048,498,2048,0,0,0,2048,336,2048,2048,2048,0,2165,2048,2048,1,0,0,0,1,0,0,1,0,0,1,0
20250611151249,7,183,1006,1,0,0,379,2048,2048,2048,2220,0,97,96,97,97,97,98,2048,2048,2048,2048,2048,2048,499,2048,0,0,0,2048,336,2048,2048,2048,0,2174,2048,2048,1,0,0,0,1,0,0,1,0,0,1,0
20250611151254,7,183,1011,1,0,0,379,2048,2048,2048,2206,0,97,96,97,97,97,98,2048,2048,2048,2048,2048,2048,498,2048,0,0,0,2048,336,2048,2048,2048,0,2174,2048,2048,1,0,0,0,1,0,0,1,0,0,1,0
20250611151304,7,183,1021,1,0,0,379,2048,2048,2048,2205,0,97,96,97,97,97,98,2048,2048,2048,2048,2048,2048,496,2048,0,0,0,2048,336,2048,2048,2048,0,2197,2048,2048,1,0,0,0,1,0,0,1,0,0,1,0
20250611151309,7,183,1026,1,0,0,379,2048,2048,2048,2201,0,97,96,97,97,97,98,2048,2048,2048,2048,2048,2048,498,2048,0,0,0,2048,342,2048,2048,2048,0,2174,2048,2048,1,0,0,0,1,0,0,1,0,0,1,0
20250611151314,7,183,1031,1,0,0,379,2048,2048,2048,2236,0,97,96,97,97,97,98,2048,2048,2048,2048,2048,2048,498,2048,0,0,0,2048,336,2048,2048,2048,0,2173,2048,2048,1,0,0,0,1,0,0,1,0,0,1,0
20250611151319,7,183,1036,1,0,0,379,2048,2048,2048,2202,0,97,96,97,97,97,98,2048,2048,2048,2048,2048,2048,499,2048,0,0,0,2048,336,2048,2048,2048,0,2155,2048,2048,1,0,0,0,1,0,0,1,0,0,1,0
20250611151323,7,183,1041,1,0,0,372,2048,2048,2048,2305,0,96,96,97,97,97,98,2048,2048,2048,2048,2048,2048,496,2048,0,0,0,2048,336,2048,2048,2048,0,2216,2048,2048,1,0,0,0,1,0,0,1,0,0,1,0
20250611151328,7,183,1045,1,0,0,380,2048,2048,2048,2221,0,97,96,97,97,97,98,2048,2048,2048,2048,2048,2048,499,2048,0,0,0,2048,336,2048,2048,2048,0,2151,2048,2048,1,0,0,0,1,0,0,1,0,0,1,0
20250611151333,7,183,1050,1,0,0,378,2048,2048,2048,2212,0,97,96,97,97,97,98,2048,2048,2048,2048,2048,2048,498,2048,0,0,0,2048,336,2048,2048,2048,0,2175,2048,2048,1,0,0,0,1,0,0,1,0,0,1,0
20250611151338,7,183,1055,1,0,0,378,2048,2048,2048,2201,0,97,96,97,97,97,98,2048,2048,2048,2048,2048,2048,498,2048,0,0,0,2048,336,2048,2048,2048,0,2176,2048,2048,1,0,0,0,1,0,0,1,0,0,1,0
20250611151343,7,183,1060,1,0,0,379,2048,2048,2048,2201,0,97,96,97,97,97,98,2048,2048,2048,2048,2048,2048,498,2048,0,0,0,2048,342,2048,2048,2048,0,2167,2048,2048,1,0,0,0,1,0,0,1,0,0,1,0
20250611151348,7,183,1065,1,0,0,377,2048,2048,2048,2201,0,97,96,97,97,204,98,2048,2048,2048,2048,2048,2048,498,2048,0,0,0,2048,336,2048,2048,2048,0,2155,2048,2048,1,0,0,0,1,0,0,1,0,0,1,0
20250611151353,7,183,1070,1,0,0,378,2048,2048,2048,2201,0,97,96,97,97,97,98,2048,2048,2048,2048,2048,2048,498,2048,0,0,0,2048,342,2048,2048,2048,0,2155,2048,2048,1,0,0,0,1,0,0,1,0,0,1,0
20250611151357,7,183,1075,1,0,0,375,2048,2048,2048,2230,0,97,96,97,97,97,98,2048,2048,2048,2048,2048,2048,498,2048,0,0,0,2048,336,2048,2048,2048,0,2174,2048,2048,1,0,0,0,1,0,0,1,0,0,1,0
20250611151402,7,183,1080,1,0,0,376,2048,2048,2048,2202,0,96,96,97,97,97,98,2048,2048,2048,2048,2048,2048,498,2048,0,0,0,2048,336,2048,2048,2048,0,2171,2048,2048,1,0,0,0,1,0,0,1,0,0,1,0
20250611151407,7,183,1085,1,0,0,378,2048,2048,2048,2272,0,97,96,97,97,97,98,2048,2048,2048,2048,2048,2048,498,2048,0,0,0,2048,336,2048,2048,2048,0,2196,2048,2048,1,0,0,0,1,0,0,1,0,0,1,0
20250611151412,7,183,1090,1,0,0,378,2048,2048,2048,2201,0,97,96,97,97,97,98,2048,2048,2048,2048,2048,2048,498,2048,0,0,0,2048,336,2048,2048,2048,0,2161,2048,2048,1,0,0,0,1,0,0,1,0,0,1,0
20250611151421,7,183,1099,1,0,0,378,2048,2048,2048,2215,0,97,96,97,97,97,98,2048,2048,2048,2048,2048,2048,498,2048,0,0,0,2048,336,2048,2048,2048,0,2153,2048,2048,1,0,0,0,1,0,0,1,0,0,1,0
20250611151426,7,183,1104,1,0,0,379,2048,2048,2048,2218,0,97,96,97,97,97,98,2048,2048,2048,2048,2048,2048,498,2048,0,0,0,2048,336,2048,2048,2048,0,2160,2048,2048,1,0,0,0,1,0,0,1,0,0,1,0
20250611151431,7,183,1109,1,0,0,379,2048,2048,2048,2204,0,97,96,97,97,97,98,2048,2048,2048,2048,2048,2048,497,2048,0,0,0,2048,342,2048,2048,2048,0,2155,2048,2048,1,0,0,0,1,0,0,1,0,0,1,0
20250611151436,7,183,1114,1,0,0,379,2048,2048,2048,2204,0,97,96,97,97,97,98,2048,2048,2048,2048,2048,2048,498,2048,0,0,0,2048,342,2048,2048,2048,0,2155,2048,2048,1,0,0,0,1,0,0,1,0,0,1,0
test,data,123
Yo
C'est un test

20250618132350,7,35,770,1,0,0,436,2048,2048,2048,1603,0,104,103,104,104,104,105,2048,2048,2048,2048,2048,2048,498,2048,0,0,0,2048,401,2048,2048,2048,0,2186,2048,0,1,0,0,0,1,0,0,1,0,1,1,0
